function [AlphaTable,CLTable,CDTable,CmTable,CmdETable,CYBetaTable,ClBetaTable, ...
		CnBetaTable,CldATable,CndATable,CldRTable,CndRTable] = DataTable
%   High-Alpha, Mach-Independent Aerodynamic Data for Business Jet

%	September 1, 2006   
%	===============================================================
%	Copyright 2006 by ROBERT F. STENGEL.  All rights reserved.

%	Data Tables for High-Angle-of-Attack Business Jet Model
	AlphaTable	=	[-10 -8 -6 -4 -2 0 2 4 6 8 10 11 12 13 14 15 16 17 18 19 20 ...
					21 22 23 24 25 30 35 40 45 50 55 60 65 70 75 80 85 90];
	CLTable		=	[-0.8681 -0.6870 -0.5348 -0.3536 -0.1797 0.1101 0.2899 0.4638 ...
					0.6449 0.7971 0.9783 1.0507 1.1014 1.1739 1.2174 1.2319 ...
					1.1957 1.101 0.9873 0.9114 0.8734 0.8608 0.8544 0.8608 ...
					0.8734 0.8861 0.9494 1.0506 1.1495 1.2407 1.2916 1.2946 ...
					1.2450 1.1414 0.9860 0.7844 0.5452 0.2795 0.0000];
	CDTable		=	[0.0870 0.0689 0.0508 0.0363 0.0268 0.0254 0.0268 0.0363 ...
					0.0508 0.0689 0.0870 0.1051 0.1233 0.1450 0.1668 0.1885 ...
					0.2175 0.2520 0.2840 0.3160 0.3480 0.3800 0.4120 0.4440 ...
					0.4760 0.5080 0.6680 0.8280 1.0168 1.2587 1.5246 1.8030 ...
					2.0806 2.3433 2.5773 2.7697 2.9093 2.9879 3.0000];
	CmTable		=	[0.1900 0.1520 0.1140 0.0760 0.0380 0.0000 -0.0380 -0.0760 ...
					-0.1140 -0.1520 -0.1900 -0.2200 -0.2500 -0.2700 -0.3000 -0.3350 ...
					-0.3700 -0.3800 -0.3700 -0.3000 -0.2600 -0.2400 -0.2200 -0.2100 ...
					-0.2000 -0.1900 -0.1700 -0.1900 -0.2455 -0.3535 -0.4396 -0.5327 ...
					-0.6061 -0.6515 -0.6898 -0.7196 -0.7400 -0.7502 -0.7500];
	CmdETable	=	[-1.3824 -1.3824 -1.4118 -1.3824 -1.3529 -1.3824 -1.3529 -1.3824 ...
					-1.4118 -1.3824 -1.3824 -1.3941 -1.3824 -1.4000 -1.3529 -1.2941 ...
					-1.1765 -1.0588 -0.9412 -0.7059 -0.6471 -0.5882 -0.5588 -0.5294 ...
					-0.4706 -0.4412 -0.4412 -0.3235 -0.5588 -0.4412 -0.4412 -0.4412 ...
					-0.4412 -0.4412 -0.4412 -0.4412 -0.4412 -0.4412 -0.4412];
	CYBetaTable	=	[-0.5636 -0.5968 -0.6061 -0.6190 -0.6282 -0.6467 -0.6282 -0.6190 ...
					-0.6061 -0.5968 -0.5636 -0.5174 -0.4897 -0.4435 -0.3603 -0.3696 ...
					-0.4065 -0.3603 -0.2402 -0.1571 -0.0462 0.0277 0.1293 0.1755 ...
					0.2125 0.2587 0.4342 0.5543 0.4158 0.4158 0.4158 0.4158 ...
					0.4158 0.4158 0.4158 0.4158 0.4158 0.4158 0.4158];
	ClBetaTable	=	[-0.2079 -0.1543 -0.1340 -0.1201 -0.1062 -0.0924 -0.1062 -0.1201 ...
					-0.1340 -0.1543 -0.2079 -0.2448 -0.2310 -0.2079 -0.2402 -0.2217 ...
					-0.1986 -0.1848 -0.1940 -0.1940 -0.2125 -0.2125 -0.2079 -0.1940 ...
					-0.1802 -0.1848 -0.2495 -0.1571 -0.1971 -0.1971 -0.1971 -0.1971 ...
					-0.1971 -0.1971 -0.1971 -0.1971 -0.1971 -0.1971 -0.1971];
	CnBetaTable	=	[0.1386 0.1478 0.1432 0.1432 0.1432 0.1432 0.1432 0.1432 ...
					0.1432 0.1478 0.1386 0.1386 0.1524 0.1940 0.2448 0.2541 ...
					0.2356 0.2402 0.2541 0.2356 0.1524 0.1109 0.1016 0.1016 ...
					0.0970 0.0970 0.1062 0.0647 0.0893 0.0893 0.0893 0.0893 ...
					0.0893 0.0893 0.0893 0.0893 0.0893 0.0893 0.0893];
	CldATable	=	[0.1108 0.1509 0.1432 0.1394 0.1385 0.1375 0.1385 0.1394 ...
					0.1432 0.1509 0.1108 0.0821 0.0592 0.0554 0.0668 0.0745 ...
					0.0802 0.1000 0.1000 0.1000 0.1000 0.1000 0.1000 0.1000 ...
					0.1000 0.1000 0.1000 0.1000 0.1000 0.1000 0.1000 0.1000 ...
					0.1000 0.1000 0.1000 0.1000 0.1000 0.1000 0.1000];
	CndATable	=	[-0.0048 0.0063 0.0038 0.0010 0.0014 0.0019 0.0014 0.0010 ...
					0.0038 0.0063 -0.0048 -0.0095 -0.0141 -0.0159 -0.0090 -0.0069 ...
					-0.0134 -0.0150 -0.0150 -0.0150 -0.0150 -0.0150 -0.0150 -0.0150 ...
					-0.0150 -0.0150 -0.0150 -0.0150 -0.0150 -0.0150 -0.0150 -0.0150 ...
					-0.0150 -0.0150 -0.0150 -0.0150 -0.0150 -0.0150 -0.0150];
	CldRTable	=	[0.0079 0.0092 0.0122 0.0153 0.0183 0.0214 0.0183 0.0153 ...
					0.0122 0.0092 0.0079 0.0065 0.0052 0.0039 0.0026 0.0013 ...
					0.0000 0.0000 0.0000 0.0000 0.0000 0.0000 0.0000 0.0000 ...
					0.0000 0.0000 0.0000 0.0000 0.0000 0.0000 0.0000 0.0000 ...
					0.0000 0.0000 0.0000 0.0000 0.0000 0.0000 0.0000];
	CndRTable	=	[-0.0716 -0.0733 -0.0720 -0.0707 -0.0693 -0.0680 -0.0693 -0.0707 ...
					-0.0720 -0.0733 -0.0716 -0.0698 -0.0681 -0.0664 -0.0646 -0.0629 ...
					-0.0611 -0.0600 -0.0600 -0.0600 -0.0600 -0.0600 -0.0600 -0.0600 ...
					-0.0600 -0.0600 -0.0600 -0.0600 -0.0600 -0.0600 -0.0600 -0.0600 ...
					-0.0600 -0.0600 -0.0600 -0.0600 -0.0600 -0.0600 -0.0600];